0.477667
179
124.898000 123.444000 10.000000
149.904000 119.260000 10.000000
244.991500 71.753500 10.000000
39.816850 222.785500 10.000000
24.941950 54.464000 10.000000
124.870500 88.915500 10.000000
35.006850 140.806000 10.000000
179.982500 67.621500 10.000000
144.869000 88.851000 10.000000
159.981500 205.562500 10.000000
24.999250 0.000000 10.000000
189.932000 188.284500 10.000000
64.920000 88.977500 10.000000
24.933700 19.916850 10.000000
14.950400 37.194150 10.000000
239.859500 170.943000 10.000000
225.005500 37.206800 10.000000
34.967600 106.273000 10.000000
120.005000 171.049500 10.000000
235.017500 89.037000 10.000000
49.806050 240.070000 10.000000
205.021500 37.207900 10.000000
140.006500 205.568000 10.000000
44.915100 54.454500 10.000000
114.850000 71.664500 10.000000
219.844000 136.474000 10.000000
176.106500 48.188900 10.000000
235.164000 0.000000 10.000000
120.032000 205.572500 10.000000
219.921500 240.079000 10.000000
149.982000 188.301500 10.000000
124.812000 54.375500 10.000000
104.822500 19.900000 10.000000
215.045000 19.928700 10.000000
29.834150 240.068000 10.000000
235.062000 123.604500 10.000000
124.586500 0.000000 10.000000
104.885000 88.940500 10.000000
124.798500 19.955000 10.000000
177.094000 28.368500 10.000000
249.875000 222.790000 10.000000
239.882500 205.514000 10.000000
199.865000 136.484500 10.000000
225.049000 106.324500 10.000000
209.858000 119.235500 10.000000
134.884000 106.155000 10.000000
189.895000 153.754000 10.000000
195.326500 0.000000 10.000000
219.878500 170.994000 10.000000
249.854000 188.222500 10.000000
138.893500 34.142100 10.000000
84.960500 192.570500 10.000000
45.015500 192.593000 10.000000
9.864050 240.069500 10.000000
159.095500 19.860950 10.000000
19.845100 222.785000 10.000000
159.259500 0.000000 10.000000
29.821300 205.499500 10.000000
64.988500 192.582000 10.000000
34.921650 37.187250 10.000000
158.107000 39.692500 10.000000
94.937000 140.747000 10.000000
189.864000 119.222000 10.000000
229.836000 153.717500 10.000000
245.021000 106.311500 10.000000
114.896000 106.191500 10.000000
64.833500 0.000000 10.000000
14.964750 71.743000 10.000000
114.804000 37.163300 10.000000
225.018500 71.760000 10.000000
55.004500 175.319000 10.000000
104.668000 0.000000 10.000000
169.923000 153.765000 10.000000
179.971000 240.089000 10.000000
64.955500 123.507000 10.000000
159.998500 67.272000 10.000000
4.965700 19.920850 10.000000
150.002000 222.829500 10.000000
80.092500 240.097500 10.000000
179.957500 205.555500 10.000000
130.027000 222.833000 10.000000
114.914500 140.727500 10.000000
129.973500 153.785500 10.000000
239.893500 240.074000 10.000000
245.078500 140.891500 10.000000
74.967000 209.848500 10.000000
169.956500 188.294000 10.000000
215.019000 54.483000 10.000000
177.293500 8.443350 10.000000
159.917500 136.508500 10.000000
14.992650 106.294000 10.000000
134.820500 71.641500 10.000000
74.960000 140.764500 10.000000
169.978000 222.824500 10.000000
15.026800 140.860500 10.000000
189.956000 84.789000 10.000000
179.839000 101.956000 10.000000
199.897000 102.004000 10.000000
84.750500 0.000000 10.000000
130.007500 188.308000 10.000000
9.809150 170.919500 10.000000
120.043000 240.097500 10.000000
159.856000 101.998000 10.000000
64.985000 158.042000 10.000000
90.078500 222.837500 10.000000
244.979000 37.200850 10.000000
209.909000 188.270500 10.000000
94.869500 71.691000 10.000000
159.994500 240.092500 10.000000
54.893500 37.180100 10.000000
199.933500 205.545000 10.000000
215.045500 89.043500 10.000000
229.887000 188.244000 10.000000
5.027300 123.586000 10.000000
149.949000 153.776000 10.000000
144.743000 54.385500 10.000000
100.067500 240.098500 10.000000
24.995550 123.559000 10.000000
9.851350 205.503000 10.000000
104.834000 54.422500 10.000000
74.865000 37.172500 10.000000
209.866500 153.741000 10.000000
100.058500 205.576000 10.000000
54.983500 140.782500 10.000000
84.848000 19.903350 10.000000
234.995500 54.480000 10.000000
169.885500 119.237500 10.000000
4.990515 89.025000 10.000000
110.052000 222.836000 10.000000
54.914500 71.718000 10.000000
189.954500 222.818000 10.000000
195.105500 19.905700 10.000000
84.861500 54.434000 10.000000
24.964550 89.010000 10.000000
229.904000 222.799000 10.000000
34.939050 71.731000 10.000000
179.892000 136.493500 10.000000
139.979000 171.042500 10.000000
110.033500 188.313500 10.000000
84.958000 158.026000 10.000000
44.916300 0.000000 10.000000
25.047800 158.086500 10.000000
205.046000 71.764000 10.000000
94.835500 37.164450 10.000000
44.941000 88.993500 10.000000
209.930500 222.809000 10.000000
4.969020 54.473000 10.000000
94.948000 175.290500 10.000000
235.001500 19.924950 10.000000
140.018500 240.095000 10.000000
64.875500 19.908300 10.000000
35.034150 175.336500 10.000000
141.921000 9.787700 10.000000
44.903850 19.912750 10.000000
94.911500 106.214500 10.000000
215.246000 0.000000 10.000000
159.954000 171.034000 10.000000
74.928500 106.233500 10.000000
219.910000 205.529500 10.000000
104.932000 158.009500 10.000000
84.901000 88.961500 10.000000
104.916500 123.469000 10.000000
199.902000 171.013000 10.000000
54.947500 106.251500 10.000000
64.968500 227.121500 10.000000
45.014250 158.060000 10.000000
74.891500 71.705500 10.000000
169.748000 84.710000 10.000000
19.818900 188.212000 10.000000
179.927500 171.024500 10.000000
195.039500 54.492000 10.000000
139.940500 136.522000 10.000000
84.935500 123.489000 10.000000
199.947000 240.084500 10.000000
64.888500 54.444500 10.000000
54.993500 209.854500 10.000000
5.081950 0.000000 10.000000
44.975450 123.527500 10.000000
74.976000 175.304500 10.000000
