0.500000
60
12.200000 10.200000 10.200000
34.600000 10.200000 10.200000
57.000000 10.200000 10.200000
79.400000 10.200000 10.200000
101.800000 10.200000 10.200000
124.200000 10.200000 10.200000
146.600000 10.200000 10.200000
169.000000 10.200000 10.200000
191.400000 10.200000 10.200000
213.800000 10.200000 10.200000
10.511806 32.716668 10.200000
33.627244 33.121572 10.200000
56.307750 32.301367 10.200000
78.200797 33.140418 10.200000
100.014797 33.454238 10.200000
123.206103 33.230774 10.200000
145.756358 32.072349 10.200000
167.271375 31.826356 10.200000
189.967624 32.082077 10.200000
213.394243 32.785768 10.200000
12.029204 55.924567 10.200000
32.929830 54.281481 10.200000
56.560774 54.043885 10.200000
77.478609 55.975365 10.200000
100.103569 54.924399 10.200000
122.241067 54.952432 10.200000
145.074003 54.615375 10.200000
168.316742 55.068311 10.200000
190.008729 55.781753 10.200000
213.435990 54.117539 10.200000
11.948313 77.223525 10.200000
33.895875 77.042093 10.200000
55.868449 77.304671 10.200000
78.786747 77.967250 10.200000
100.553018 77.836073 10.200000
123.560640 77.380991 10.200000
145.862472 76.982222 10.200000
167.626107 78.090470 10.200000
191.065835 77.223246 10.200000
213.547645 77.104716 10.200000
11.857148 100.769404 10.200000
33.184779 100.588712 10.200000
55.857024 98.931151 10.200000
79.312904 100.701520 10.200000
99.819060 100.265753 10.200000
122.489278 100.348894 10.200000
144.790988 100.567372 10.200000
167.672043 100.385153 10.200000
190.552403 99.859437 10.200000
212.295510 98.858791 10.200000
11.239781 123.105421 10.200000
33.087643 123.056150 10.200000
56.546620 121.502253 10.200000
78.525499 122.313750 10.200000
101.618466 122.412454 10.200000
123.381858 122.073144 10.200000
145.261856 122.675614 10.200000
168.606765 122.966637 10.200000
191.068157 122.718880 10.200000
212.784632 122.719669 10.200000
